   11.718987341772152       0.92846215444278357        0.0000000000000000        11.718987341772152     
   23.437974683544304        3.4525681735835754        1.1947244232014250E-017   11.718987341772152     
   35.156962025316460        6.9437858970208488        6.8128640776115371E-002   11.718987341772159     
   46.875949367088609        10.721837492844532       0.71804681977417073        11.718987341772145     
   58.594936708860757        14.281575345373707        1.0000000000000000        11.718987341772152     
   70.313924050632906        17.348215206458594        1.0000000000000000        11.718987341772152     
   82.032911392405055        19.827490031672035        1.0000000000000000        11.718987341772136     
   93.751898734177203        21.732683661077182        1.0000000000000000        11.718987341772152     
   105.47088607594935        23.127770202332997        1.0000000000000000        11.718987341772152     
   117.18987341772150        24.093072236806755        1.0000000000000000        11.718987341772152     
   128.90886075949365        24.707763400931142        1.0000000000000000        11.718987341772152     
   140.62784810126581        25.042413954605188        1.0000000000000000        11.718987341772166     
   152.34683544303797        25.156775448903911        1.0000000000000000        11.718987341772152     
   4590.2358929812963       0.43329627058383835        1.0099967035335418E-105   417.29426253528209     
   5049.2595917191775       0.33219118078916665        1.4641512856662704E-166   459.02369873788183     
   5554.1856712748249       0.24930357452567620        8.0066054706963932E-266   504.92607955564665     
   6109.6043708244133       0.18265824093469973        0.0000000000000000        555.41869954958861     
   6720.5649535711736       0.13026411712093022        0.0000000000000000        610.96058274676068     
   7392.6216091590459        9.0126884607954594E-002   0.0000000000000000        672.05665558787189     
   8131.8839463287841        6.0277643213616727E-002   0.0000000000000000        739.26233716973798     
   8945.0725348408832        3.8816127230475672E-002   0.0000000000000000        813.18858851210007     
   9839.5800015921195        2.3963534103145889E-002   0.0000000000000000        894.50746675123582     
   10823.538236345199        1.4116915736543945E-002   0.0000000000000000        983.95823475307998     
   11905.892318032980        7.8954064632839049E-003   0.0000000000000000        1082.3540816877805     
   13096.481833694872        4.1693014718617860E-003   0.0000000000000000        1190.5895156618915     
   14406.130329308819        2.0663712102120257E-003   0.0000000000000000        1309.6484956139479     
   15846.743705708614        9.5495198279138549E-004   0.0000000000000000        1440.6133763997950     
   17431.418454095288        4.0859826225414508E-004   0.0000000000000000        1584.6747483866748     
   19174.560715102220        1.6061162249059180E-004   0.0000000000000000        1743.1422610069294     
   21092.017243769595        5.7507168158110744E-005   0.0000000000000000        1917.4565286673746     
   23201.219471019431        1.8580989497252176E-005   0.0000000000000000        2109.2022272498371     
   25521.341971281552        5.3623275277914217E-006   0.0000000000000000        2320.1225002621227     
   28073.476776885916        1.3666816158774964E-006   0.0000000000000000        2552.1348056043639     
   30880.825123898354        3.0381772120335881E-007   0.0000000000000000        2807.3483470124374     
   33968.908372544436        5.8110352085805062E-008   0.0000000000000000        3088.0832486460818     
   37365.800019680770        9.4201553224593226E-009   0.0000000000000000        3396.8916471363350     
   41102.380912518944        1.2730438925245835E-009   0.0000000000000000        3736.5808928381734     
   45212.619983727964        1.4083667565500946E-010   0.0000000000000000        4110.2390712090219     
   49733.883060053624        1.2498446722020162E-011   0.0000000000000000        4521.2630763256602     
   54707.272551807160        8.7396756498492323E-013   0.0000000000000000        4973.3894917535326     
   60178.001111310885        4.9737991503207013E-014   0.0000000000000000        5470.7285595037301     
